sage
87.91 83.29 77.53
87.74 83.08 77.40
87.83 83.25 77.77
87.75 83.21 77.69
87.56 83.08 76.95
87.49 82.94 76.84
87.85 83.16 77.41
87.87 83.22 76.83
87.88 83.28 77.50
...

87.88 0.11
83.25 0.13
87.85 0.10
77.40 0.54


gcn
82.83 78.92 71.79
82.99 79.40 72.64
82.88 79.43 72.64
82.95 79.57 73.07
82.85 79.12 72.36
83.05 79.29 72.52
...

82.84 0.16
79.11 0.24
82.72 0.24
72.27 0.42


gcn: no bias
74.45 71.05 64.29
76.40 72.11 62.90
74.03 71.39 66.31
76.89 74.49 63.62
...

75.20 0.62
72.26 1.08
75.20 0.62
65.93 2.45

GraphSAGE & GCN: rezero
89.12 84.89 79.51
max test 80.01
...
89.13 0.25
84.94 0.29
89.13 0.25
79.06 0.72

improved node feature representation

90.52 0.21
85.53 0.18
90.46 0.18
79.51 0.85


decode

86.26 1.78
81.22 1.50
75.34 1.42



over_fitting

82.12 1.62
72.66 0.31
70.88 1.50

gaussian noise

96.26 0.60
53.08 0.34
51.16 0.52


mlp
83.13 0.18
78.71 0.22
72.97 0.48

sage_baseline
90.44 0.24
85.42 0.18
79.55 0.65
